0 0.078125 0.5356774166666667 0.15625 0.1391659999999999
0 0.0432421875 0.4441663333333334 0.084375 0.041666999999999975
0 0.3355859375 0.7944270833333333 0.545 0.40916700000000006
0 0.1706640625 0.4652604166666667 0.08125000000000002 0.07750000000000005
0 0.3269140625 0.5001565833333333 0.14375 0.11250000000000004
0 0.328203125 0.45125 0.09937499999999999 0.06416700000000002
0 0.3102734375 0.42588575 0.06187499999999996 0.025832999999999995
0 0.4301953125 0.4455725833333333 0.05687500000000001 0.051666999999999984
0 0.4880859375 0.49651008333333335 0.14062499999999994 0.09833399999999999
0 0.7009375 0.6857809166666667 0.359375 0.3116669999999999
0 0.6553515625 0.4826038333333333 0.12749999999999995 0.08916700000000007
0 0.7279296875 0.4646871666666667 0.10062500000000008 0.06916699999999998
0 0.9128125 0.6083850833333334 0.1725 0.19249999999999998
