0 0.2797265625 0.8319875294117648 0.159375 0.22033899999999998
0 0.4171484375 0.5418328235294118 0.030624999999999958 0.04613900000000003
0 0.4758203125 0.5379496470588234 0.057499999999999996 0.04049000000000003
0 0.540078125 0.5219426470588235 0.03562500000000002 0.03860599999999997
0 0.597734375 0.5190014705882353 0.043749999999999956 0.03295699999999997
0 0.64203125 0.5087596470588236 0.04062499999999991 0.038606999999999954
0 0.7116015625 0.6854129411764706 0.09625000000000006 0.11581900000000005
0 0.7803515625 0.5005818823529411 0.03499999999999992 0.032015000000000064
0 0.809296875 0.500465705882353 0.028124999999999956 0.025423000000000015
0 0.8440625 0.636163294117647 0.04812499999999997 0.07909599999999992
0 0.8810546875 0.4938737058823529 0.03749999999999998 0.024482000000000007
0 0.9909375 0.5077014705882352 0.016249999999999987 0.032957000000000056
