0 0.189453125 0.6927553133235725 0.16125 0.14446499999999993
0 0.060546875 0.9475293806734992 0.121875 0.10131299999999999
0 0.0787890625 0.35017767496339675 0.01812499999999999 0.03846200000000003
0 0.2544921875 0.4248569633967789 0.05437499999999998 0.06941800000000005
0 0.2615625 0.3100240307467057 0.016250000000000042 0.024391
0 0.3780078125 0.6395128286969253 0.166875 0.15572200000000003
0 0.325390625 0.3742700614934114 0.05125000000000002 0.049718999999999965
0 0.5418359374999999 0.895172019033675 0.23312499999999997 0.20637899999999984
0 0.4734375 0.5452996749633968 0.07875000000000004 0.040337999999999936
0 0.5046484375 0.5572152825768667 0.09250000000000003 0.12101300000000009
0 0.5062109375 0.3827130614934114 0.014375000000000027 0.048780999999999984
0 0.68453125 0.7895539516837482 0.13312499999999994 0.24953099999999998
0 0.6608203125 0.35580667496339674 0.02562500000000001 0.04033799999999998
0 0.7159375 0.5555927364568082 0.11062499999999997 0.08630400000000006
0 0.6858984375 0.3687121595900439 0.02937500000000004 0.029080000000000033
0 0.7049609375 0.3202297730600293 0.01375000000000004 0.019698999999999967
0 0.7901953125 0.3392192884333821 0.026874999999999982 0.030957
0 0.86125 0.353518803806735 0.03187499999999999 0.042213999999999974
0 0.8705078125 0.5079340922401172 0.041874999999999996 0.07035699999999992
0 0.9007421875 0.49303934992679355 0.08437499999999998 0.07879899999999995
0 0.9353515625 0.6914927613469986 0.12750000000000006 0.19981300000000002
0 0.9635546875 0.5890401844802342 0.07000000000000006 0.14258900000000008
0 0.9762109375 0.68452260761347 0.04562500000000003 0.08255200000000008
