0 0.239765625 0.9024043440702783 0.14624999999999996 0.16979399999999994
0 0.076171875 0.9177119575402636 0.1525 0.1604129999999999
0 0.0866015625 0.7684686383601756 0.128125 0.10694200000000015
0 0.108515625 0.44364490190336753 0.02124999999999999 0.021575999999999974
0 0.13035156250000002 0.541889448023426 0.034375 0.056285
0 0.1491796875 0.5593015768667643 0.03812500000000002 0.06097500000000005
0 0.18046875 0.5280028038067349 0.02437499999999998 0.042213999999999974
0 0.2032421875 0.46709690190336745 0.021875000000000006 0.022514000000000034
0 0.28316406250000004 0.7009967364568083 0.081875 0.08536499999999995
0 0.2648828125 0.5340426749633969 0.04249999999999998 0.040337999999999936
0 0.2556640625 0.4573040307467057 0.019374999999999976 0.026266000000000022
0 0.255234375 0.5058565153733529 0.013124999999999998 0.01313299999999997
0 0.2580859375 0.46645651537335286 0.014375000000000027 0.01313399999999994
0 0.3078125 0.700610803806735 0.078125 0.042213
0 0.3115625 0.4595919019033675 0.016249999999999987 0.022514000000000034
0 0.3410546875 0.5213215461200585 0.03875000000000001 0.036586000000000035
0 0.3787109375 0.5357353191800879 0.04562499999999997 0.053471000000000074
0 0.3898046875 0.5156935461200586 0.03874999999999995 0.03564699999999992
0 0.404765625 0.464168644216691 0.020625000000000004 0.015009000000000088
0 0.46265625 0.7105610922401171 0.10250000000000004 0.070357
0 0.497890625 0.8554302459736457 0.14500000000000007 0.18855499999999994
0 0.4453125 0.46375677306002927 0.017500000000000016 0.018761999999999963
0 0.4558203125 0.5236104172767203 0.026874999999999982 0.034709000000000025
0 0.4590234375 0.5043222884333821 0.030624999999999958 0.030957000000000123
0 0.547421875 0.5162638345534407 0.09000000000000008 0.06660399999999995
0 0.620390625 0.6762639633967789 0.05125000000000002 0.06941900000000002
0 0.6889453125 0.7663381844802342 0.12062499999999998 0.14258900000000008
0 0.6724609375 0.6580280922401172 0.07687500000000003 0.07129499999999998
0 0.7503125 0.66388460761347 0.04874999999999996 0.08255199999999992
0 0.7419140625 0.4938890307467057 0.018124999999999947 0.024390999999999958
0 0.7619921875 0.47940615959004396 0.021874999999999978 0.027204
0 0.7712890625 0.4935914172767204 0.01937500000000003 0.03470899999999994
