0 0.8732345833333334 0.7425345 0.20740800000000004 0.141667
0 0.05503516666666667 0.591536125 0.09999999999999999 0.068056
0 0.05503516666666667 0.58480925 0.09999999999999999 0.040278000000000036
0 0.05743608333333333 0.556467125 0.098148 0.036111000000000004
0 0.24646983333333336 0.7828779375 0.246296 0.10833300000000001
0 0.17268533333333333 0.4976780625 0.042592 0.019444000000000017
0 0.3632809166666666 0.51727475 0.061111000000000026 0.025000000000000022
0 0.4035876666666667 0.622352875 0.116667 0.05972199999999994
0 0.3656249999999999 0.4926861875 0.03333300000000006 0.02222300000000005
0 0.4949651666666666 0.7017578125 0.06851900000000007 0.10416700000000001
0 0.70471625 0.5546656875 0.04074099999999999 0.03888899999999995
0 0.7682004166666667 0.6800563125 0.10925899999999993 0.088889
