0 0.86765625 0.5810934166666667 0.13437500000000002 0.20166699999999996
0 0.2093359375 0.3466666666666667 0.10749999999999998 0.08583299999999998
0 0.250625 0.3198955 0.09500000000000003 0.07916700000000003
0 0.3967578125 0.33567675 0.07250000000000001 0.05666699999999995
0 0.460546875 0.2794270833333334 0.028124999999999956 0.03416699999999998
0 0.5850390625 0.2699475833333333 0.01937499999999992 0.019167000000000045
0 0.667734375 0.5298437500000001 0.16812499999999997 0.18083299999999994
0 0.6005078125 0.2738538333333333 0.011250000000000093 0.027500000000000042
0 0.6470703125 0.25755175 0.026874999999999982 0.02416700000000001
0 0.6580859375 0.24942708333333333 0.04500000000000004 0.035833000000000004
0 0.6597265625 0.26838575 0.03500000000000003 0.025832999999999995
0 0.698203125 0.25421875 0.036250000000000004 0.024166999999999977
0 0.7184375 0.2685940833333333 0.0475000000000001 0.035833000000000004
0 0.7848046875 0.5114059166666667 0.10062499999999996 0.09333399999999996
0 0.8399609375 0.26098991666666665 0.04500000000000004 0.030833
0 0.9089453125 0.2764065833333333 0.05812499999999998 0.050000000000000044
