0 0.7057421875000001 0.7852086666666667 0.5543750000000001 0.428333
0 0.2119921875 0.27468716666666665 0.05374999999999999 0.06916699999999998
0 0.359921875 0.6708333333333334 0.15250000000000002 0.2925
0 0.3078515625 0.5330205 0.03375 0.11000000000000003
0 0.3280859375 0.54546875 0.01375000000000004 0.08750000000000006
0 0.468359375 0.6892711666666668 0.26249999999999996 0.38249999999999984
0 0.550703125 0.4023434166666666 0.09812500000000002 0.139167
0 0.856328125 0.547083 0.285625 0.5625000000000001
0 0.853046875 0.14770866666666668 0.05937500000000007 0.053332999999999964
0 0.96328125 0.08197916666666667 0.07125000000000004 0.10000000000000002
