0 0.334880625 0.7336548843338214 0.302064 0.29455899999999996
0 0.1083984375 0.6359624055636897 0.218261 0.21576
0 0.0253135 0.24534019033674964 0.048154999999999996 0.05159499999999995
0 0.094414 0.37552389604685205 0.06254000000000001 0.11163300000000004
0 0.1232260625 0.21971457686676427 0.050031000000000006 0.06003699999999999
0 0.19948 0.2119109633967789 0.06379000000000001 0.06941899999999997
0 0.2304325 0.28155747877013176 0.07817299999999996 0.08161400000000002
0 0.2550969375 0.3631455402635432 0.07692299999999996 0.12851700000000002
0 0.292115125 0.22676254612005856 0.066917 0.036585999999999994
0 0.425304125 0.34742605563689605 0.13070600000000004 0.13977399999999995
0 0.4575696875 0.2372399633967789 0.06941800000000004 0.06941799999999997
0 0.4662475625 0.30951612298682285 0.06504100000000002 0.09662299999999999
0 0.6325295 0.38499321522694 0.17198200000000008 0.164165
0 0.660470125 0.22568434992679356 0.068168 0.07880000000000001
0 0.8535569375 0.38293285944363104 0.20262600000000008 0.179174
