0 0.0517578125 0.3643315294117648 0.104375 0.06967999999999994
0 0.2119140625 0.33585117647058826 0.04999999999999999 0.057437999999999996
0 0.3795703125 0.3061954705882353 0.02562500000000001 0.03295699999999993
0 0.4205078125 0.3977009411764706 0.04124999999999995 0.06591399999999994
0 0.5627734375 0.8813000588235295 0.280625 0.23540499999999992
0 0.49 0.3699815294117647 0.06312499999999999 0.06779699999999994
0 0.5405859375 0.353625 0.04625000000000001 0.05273099999999995
0 0.6633984375 0.6509863529411765 0.12312499999999993 0.11393600000000005
0 0.614765625 0.33161947058823527 0.020625000000000004 0.03483899999999999
0 0.63609375 0.3247312352941176 0.024375000000000036 0.04237299999999999
0 0.7079296875 0.5029712941176471 0.10125000000000006 0.128061
0 0.74734375 0.4260022352941176 0.08687500000000004 0.09133700000000004
0 0.775 0.37698594117647066 0.06437499999999996 0.065913
