0 0.85625 0.8897399166666666 0.18937500000000007 0.21833300000000003
0 0.14140625 0.43567741666666665 0.008124999999999993 0.01333300000000004
0 0.2324609375 0.40901041666666665 0.015000000000000013 0.013332999999999965
0 0.3063671875 0.4313538333333333 0.02312499999999995 0.027500000000000007
0 0.320625 0.5542190833333334 0.03187499999999999 0.06749999999999996
0 0.376484375 0.6409895833333333 0.106875 0.11250000000000011
0 0.3795703125 0.5689065833333333 0.05812499999999998 0.05166599999999999
0 0.3625390625 0.4087496666666666 0.018125000000000002 0.02083400000000002
0 0.41125 0.4538538333333333 0.03249999999999997 0.02750000000000008
0 0.433671875 0.55348925 0.05937500000000001 0.070834
0 0.4898828125 0.6305729166666666 0.07374999999999998 0.09333300000000004
0 0.4778125 0.5735940833333334 0.046875 0.034166000000000064
0 0.5899609375 0.4011455 0.014375000000000027 0.016666999999999987
0 0.6858984375 0.4371878333333334 0.02937500000000004 0.02749999999999993
0 0.7691796875 0.747292 0.16249999999999998 0.15833299999999997
0 0.7859375 0.38781250000000006 0.015625 0.015832999999999913
0 0.8401953125 0.51984375 0.05687500000000001 0.05666699999999995
0 0.8873046875 0.5202086666666667 0.03874999999999995 0.053333
