0 0.113984375 0.7288742173913044 0.2 0.5406909999999999
0 0.2315625 0.505908652173913 0.016875 0.018952000000000007
0 0.233984375 0.5298105217391305 0.012500000000000011 0.015608000000000016
0 0.3528515625 0.6136900434782608 0.03437499999999999 0.031214999999999986
0 0.3481640625 0.5444367826086957 0.01937500000000003 0.023411999999999926
0 0.4606640625 0.501449652173913 0.018124999999999947 0.018952000000000007
0 0.5098046875 0.7116607826086957 0.03812500000000002 0.022297000000000046
0 0.5569921875 0.6073576521739131 0.02312499999999995 0.020066999999999887
0 0.5976171875 0.5710595217391305 0.02312499999999995 0.015606999999999873
0 0.6183984375 0.6635004347826087 0.02937500000000004 0.039019000000000095
0 0.6298828125 0.4912823913043478 0.010000000000000009 0.011148
0 0.64109375 0.5802450434782609 0.024375000000000036 0.030101000000000055
0 0.661171875 0.6192640434782608 0.028125000000000067 0.028986000000000074
0 0.6660546875 0.7448834347826087 0.038125000000000075 0.04124800000000001
0 0.69109375 0.6751393043478261 0.024375000000000036 0.03678899999999994
0 0.74 0.7665553043478261 0.03312499999999996 0.03678899999999994
0 0.7606640625 0.533779652173913 0.01937500000000003 0.01783700000000003
0 0.8538671875 0.6996653043478261 0.022499999999999964 0.03567499999999991
