0 0.3837895 0.5705887058823529 0.20410099999999998 0.22646999999999998
0 0.0205078125 0.40588270588235287 0.041992 0.07647000000000002
0 0.198242 0.3647062352941176 0.032227000000000006 0.044117
0 0.3193361875 0.5338234705882353 0.08593700000000004 0.13235300000000003
0 0.4023435 0.47794147058823533 0.110352 0.03235300000000002
0 0.373046875 0.3470585294117647 0.028320000000000012 0.06911800000000003
0 0.5585934375 0.5691180588235294 0.18554700000000002 0.186764
0 0.5585934375 0.5191171764705883 0.12402400000000002 0.10588299999999995
0 0.65234425 0.42205847058823526 0.07226500000000002 0.08529400000000005
0 0.657226125 0.5147061176470589 0.03613299999999997 0.12352900000000004
