0 0.215078125 0.6956835710102489 0.16125 0.151032
0 0.060546875 0.8622429824304539 0.12125 0.2729829999999999
0 0.20015624999999998 0.9267511844802344 0.19687500000000002 0.14258899999999983
0 0.1831640625 0.4412168345534407 0.04999999999999999 0.06566599999999999
0 0.246640625 0.3995990614934114 0.05249999999999999 0.04878000000000006
0 0.3029296875 0.4036486749633968 0.03812500000000002 0.04033800000000002
0 0.3766796875 0.6416864421669107 0.16312499999999996 0.1472799999999999
0 0.4051171875 0.3992562884333821 0.021875000000000033 0.03001899999999998
0 0.566796875 0.3783206749633967 0.028125000000000067 0.04033799999999998
0 0.5864453125 0.4000109326500732 0.02562500000000001 0.045027999999999985
0 0.6676953125 0.5565307364568082 0.11937500000000001 0.08630400000000006
0 0.6944921875 0.7370037306002928 0.11625000000000008 0.17823600000000006
0 0.6850390625 0.3649591595900439 0.018124999999999947 0.02814300000000007
0 0.7614453125 0.5263984787701318 0.08812500000000001 0.07973699999999993
0 0.7451953125 0.3697644172767203 0.02562500000000001 0.032833000000000036
0 0.7977734375 0.49340706149341146 0.09250000000000003 0.049719000000000006
0 0.9151953125 0.5841216691068815 0.11937500000000001 0.12945599999999993
0 0.9006640625 0.5030597364568082 0.08062500000000006 0.0863039999999999
0 0.93984375 0.6725561229868229 0.11812500000000004 0.09662199999999997
0 0.9779296875 0.5983770248901903 0.03875000000000006 0.11538400000000001
